Target_RNA_ID	Target_RNA_name	A	G	C	U
Target_4	RNA_APTAMER_CB_42	0.23485	0.25	0.31061	0.20455
Target_5	RNA_APTAMER_B4_25	0.27481	0.25191	0.34351	0.12977
Target_6	RNA_Aptamer	0.19444	0.38889	0.27778	0.13889
Target_26	35 nucleotide RNA	0.22857	0.37143	0.22857	0.17143
Target_29	Riboflavin binding RNA aptamer	0.24138	0.48276	0.13793	0.13793
Target_30	NMN binding RNA aptamer	0.2449	0.28571	0.30612	0.16327
Target_31	cyanocobalamin 35 nt RNA aptamer	0.25806	0.29032	0.32258	0.12903
Target_32	TCT8-4 RNA Aptamer	0.2381	0.21429	0.28571	0.2619
Target_120	RNA hairpin loop	0.0	0.5	0.35714	0.14286
Target_33	Biotin aptamer	0.25455	0.25455	0.26364	0.22727
Target_121	Bulge_A_RNA	0.17391	0.30435	0.26087	0.26087
Target_34	FMN aptamer	0.22857	0.37143	0.22857	0.17143
Target_39	Tetracycline in vitro aptamer	0.3	0.24286	0.28571	0.17143
Target_40	ss_PolyA	1.0	0.0	0.0	0.0
Target_79	T-box riboswitch	0.10345	0.37931	0.34483	0.17241
Target_123	RNA XIII	0.13793	0.31034	0.27586	0.27586
Target_124	RNA XIV	0.14286	0.32143	0.28571	0.25
Target_125	RNA XV	0.14815	0.2963	0.2963	0.25926
Target_126	RNA XVII	0.13333	0.3	0.26667	0.3
Target_112	T box antiterminator RNA	0.10345	0.37931	0.34483	0.17241
Target_127	SLI of Rep A	0.32353	0.20588	0.20588	0.26471
Target_63	Thymidylate synthase m-RNA	0.0303	0.33333	0.51515	0.12121
Target_64	Bcr-Abl m-RNA	0.31707	0.26829	0.26829	0.14634
Target_65	PAX3-FKHR m-RNA	0.3	0.275	0.225	0.2
Target_56	RNA aptamer_1	0.15873	0.34921	0.22222	0.26984
Target_57	RNA aptamer_2	0.15873	0.34921	0.22222	0.26984
Target_58	RNA aptamer_3	0.14062	0.35938	0.25	0.25
Target_59	RNA aptamer_4	0.13333	0.36667	0.23333	0.26667
Target_113	T-box RNA	0.10345	0.37931	0.34483	0.17241
Target_114	T-box C11U	0.10345	0.37931	0.31034	0.2069
Target_132	fIIRE	0.21429	0.25	0.25	0.28571
Target_133	TfR_IRE	0.22581	0.25806	0.19355	0.32258
Target_134	TfR_IRE_C24U	0.22581	0.25806	0.19355	0.32258
Target_135	Yohimbine_XII_RNA	0.11538	0.38462	0.38462	0.11538
Target_136	RNA_XIX	0.0	0.5	0.35714	0.14286
Target_137	RNA_XX	0.125	0.4375	0.3125	0.125
Target_138	RNA_XXI	0.17647	0.41176	0.29412	0.11765
Target_139	RNA_XXII	0.16667	0.38889	0.33333	0.11111
Target_141	GNRA tetraloop construct XVIII	0.25	0.375	0.1875	0.1875
Target_142	Spiegelmer L-A42d RNA (58 mer)	0.22414	0.22414	0.24138	0.31034
Target_60	T alpha aptamer	0.24242	0.30303	0.33333	0.12121
Target_61	B alpha aptamer	0.30303	0.27273	0.24242	0.18182
Target_144	RNA B	0.04545	0.36364	0.45455	0.13636
Target_145	RNA C	0.05	0.4	0.45	0.1
Target_147	Antiterminator model RNA AM1A	0.10345	0.37931	0.34483	0.17241
Target_149	Double stranded RNA seq	0.29167	0.20833	0.20833	0.29167
Target_150	single stranded RNA seq	0.25	0.0	0.41667	0.33333
Target_151	RNA seq A	0.0	0.38889	0.38889	0.22222
Target_152	RNA seq A (20 x t-RNA)	0.0	0.38889	0.38889	0.22222
Target_153	RNA seq B	0.0	0.52381	0.2381	0.2381
Target_154	RNA seq C	0.11111	0.38889	0.38889	0.11111
Target_155	RNA seq D	0.0	0.42857	0.42857	0.14286
Target_156	RNA seq E	0.22222	0.33333	0.33333	0.11111
Target_157	RNA seq F	0.22727	0.31818	0.36364	0.09091
Target_158	RpoH σ32mRNA factor	0.22703	0.3027	0.21081	0.25946
Target_2	RNA duplex	0.5	0.0	0.0	0.5
Target_196	A10-RNA-WT QGRS in ADAM10 mRNA	0.13333	0.7	0.06667	0.1
Target_197	A10-RNA-WT QGRS in ADAM10 mRNA Mutant	0.13333	0.7	0.06667	0.1
Target_198	DDPAC MAPT A Bulge	0.2	0.28	0.24	0.28
Target_199	DDPAC + I17T Mutant	0.2	0.28	0.24	0.28
Target_200	MAPT A WT	0.2	0.28	0.24	0.28
Target_207	Fully Paired RNA	0.30909	0.32727	0.14545	0.21818
Target_208	1 X 1 UU Hairpin	0.16667	0.38889	0.33333	0.11111
Target_209	AU stem	0.22222	0.38889	0.33333	0.05556
Target_211	GC Stem Loop	0.15	0.45	0.4	0.0
Target_212	AT Hairpin DNA	0.14286	0.28571	0.28571	0.28571
Target_223	G_U/CUA Bulge in miR-18a	0.28205	0.38462	0.12821	0.20513
Target_224	GAU/CUA Stem Mutant	0.3	0.375	0.125	0.2
Target_225	GAU/A_C Bulge in miR-18a	0.30769	0.38462	0.12821	0.17949
Target_226	GGU/A_C Bulge Mutant	0.28205	0.41026	0.12821	0.17949
Target_232	G4C2 repeat G-quadruplex RNA	0.0	0.66667	0.33333	0.0
Target_235	5′CAG/3′GAC x 2 repeat RNA	0.33333	0.33333	0.13333	0.2
Target_236	5′CAG/3′GAC x 3 repeat RNA	0.33333	0.33333	0.13333	0.2
Target_237	5′CAG/3′GAC x 4 repeat RNA	0.33333	0.33333	0.13333	0.2
Target_238	5′CAG/3′GAC x 5 repeat RNA	0.33333	0.33333	0.13333	0.2
Target_234	5'CAG/3'GUC x 6 repeat RNA	0.31111	0.33333	0.13333	0.22222
Target_239	5′CAG/3′GAC x 33 repeat RNA	0.33333	0.33333	0.13333	0.2
Target_240	5′CAG/3′GAC internal loop	0.33333	0.33333	0.13333	0.2
Target_241	5'CAG/3'GUC internal loop	0.31111	0.33333	0.13333	0.22222
Target_242	KRAS RNA G-quadruplex utr-1	0.13333	0.6	0.26667	0.0
Target_243	KRAS RNA G-quadruplex utr-z	0.05	0.65	0.25	0.05
Target_244	KRAS RNA G-quadruplex utr-4	0.14286	0.52381	0.28571	0.04762
Target_245	RNA Hairpin	0.05556	0.5	0.38889	0.05556
Target_248	Oligo-4, an AGGAAG-containing RNA 15-mer	0.33333	0.4	0.13333	0.13333
Target_249	Oligo-7, an AAGGAG-containing RNA 15-mer	0.46667	0.26667	0.0	0.26667
Target_250	Oligo-1, a pyrimidine-rich RNA 15-mer	0.06667	0.0	0.33333	0.6
Target_251	Oligo-2, an RNA 15-mer	0.4	0.2	0.06667	0.33333
Target_252	Oligo-3, a purine-rich RNA 15-mer	0.73333	0.13333	0.06667	0.06667
Target_253	Oligo-5, an RNA 15-mer	0.2	0.06667	0.33333	0.4
Target_254	Oligo-6, an RNA 15-mer	0.4	0.2	0.13333	0.26667
Target_256	Telomeric DNA G-quadruplex (HTG22)	0.1	0.6	0.0	0.3
Target_255	TERRA G-quadruplex (TERRA22)	0.18182	0.54545	0.0	0.27273
Target_258	BCL2 RNA G-quadruplex	0.07692	0.69231	0.11538	0.11538
Target_259	NRAS RNA G-quadruplex	0.04762	0.66667	0.09524	0.19048
Target_260	Pu22 DNA G-quadruplex	0.18182	0.59091	0.0	0.22727
Target_261	TRF2:Telomeric duplex DNA (hTELO-dup)	0.1	0.6	0.0	0.3
Target_262	TRF2:TERRA G-quadruplex (TERRA22):Telomeric duplex DNA (hTELO-dup)	0.1	0.6	0.0	0.3
Target_284	SMN2 pre-mRNA GA-rich sequence	0.3913	0.21739	0.15217	0.23913
Target_285	Seq20	0.23077	0.23077	0.23077	0.30769
Target_286	Seq21	0.22222	0.44444	0.25926	0.07407
Target_287	Seq22	0.2069	0.37931	0.2069	0.2069
Target_288	Seq23	0.18919	0.40541	0.27027	0.13514
Target_307	J6f1 RNA	0.2	0.3	0.225	0.275
Target_308	J6fd6 RNA	0.2	0.275	0.225	0.3
Target_309	J6f15 RNA	0.175	0.325	0.225	0.275
Target_310	J6f16 RNA	0.225	0.275	0.225	0.275
Target_311	J6f17 RNA	0.2	0.3	0.2	0.3
Target_334	(5'CAG/3'GGC) x 1	0.29787	0.3617	0.12766	0.21277
Target_335	(5'CCG/3'GAC) x 1	0.29787	0.34043	0.14894	0.21277
Target_336	(5'CGG/3'GAC) x 1	0.29787	0.3617	0.12766	0.21277
Target_337	(5'CCG/3'GUC) x 1	0.2766	0.34043	0.14894	0.23404
Target_338	(5'CAG/3'GCC) x 1	0.29787	0.34043	0.14894	0.21277
Target_339	(5'CUG/3'GCC) x 1	0.2766	0.34043	0.14894	0.23404
Target_340	(5'CGG/3'GCC) x 1	0.2766	0.38298	0.12766	0.21277
Target_341	(5'CAG/3'GAC) x 1	0.31915	0.34043	0.12766	0.21277
Target_342	(5'CCG/3'GGC) x 1	0.2766	0.3617	0.14894	0.21277
Target_343	(5'CUG/3'GUC) x 1	0.2766	0.34043	0.12766	0.25532
Target_344	(5'CAG/3'CUG) x 1	0.29787	0.34043	0.12766	0.23404
Target_345	(5'CGG/3'GGC) x1	0.2766	0.38298	0.12766	0.21277
Target_346	(5'CAG/3'GUC) x1	0.29787	0.34043	0.12766	0.23404
Target_372	B12.9	0.23077	0.28205	0.35897	0.12821
Target_375	RNA hairpin loop I	0.21429	0.42857	0.35714	0.0
Target_376	RNA hairpin loop Ib	0.0	0.42857	0.42857	0.14286
Target_377	RNA hairpin loop II	0.125	0.4375	0.3125	0.125
Target_378	RNA hairpin loop III	0.17647	0.41176	0.29412	0.11765
Target_379	RNA hairpin loop IIIa	0.23529	0.35294	0.35294	0.05882
Target_380	RNA hairpin loop IIIb	0.29412	0.29412	0.41176	0.0
Target_381	RNA hairpin loop IV	0.16667	0.38889	0.33333	0.11111
Target_382	RNA hairpin loop Iva	0.05556	0.44444	0.33333	0.16667
Target_383	Aptamer mutant C25	0.26316	0.34211	0.28947	0.10526
Target_384	Aptamer mutant G25	0.26316	0.36842	0.26316	0.10526
Target_385	Aptamer mutant A25	0.28947	0.34211	0.26316	0.10526
Target_386	Aptamer mutant C9	0.23684	0.34211	0.28947	0.13158
Target_387	Aptamer mutant G9	0.23684	0.36842	0.26316	0.13158
Target_388	Aptamer mutant U9	0.23684	0.34211	0.26316	0.15789
Target_389	Aptamer mutant G30	0.23684	0.36842	0.26316	0.13158
Target_390	Aptamer mutant C30	0.23684	0.34211	0.28947	0.13158
Target_391	Aptamer mutant U30	0.23684	0.34211	0.26316	0.15789
Target_392	Aptamer mutant C27	0.23684	0.34211	0.28947	0.13158
Target_393	Aptamer mutant G27	0.23684	0.36842	0.26316	0.13158
Target_394	Aptamer mutant U27	0.23684	0.34211	0.26316	0.15789
Target_395	Aptamer mutant G10C23	0.26316	0.34211	0.26316	0.13158
Target_396	Aptamer mutant G26	0.23684	0.36842	0.26316	0.13158
Target_397	Aptamer mutant U26	0.23684	0.34211	0.26316	0.15789
Target_398	Aptamer mutant C26	0.23684	0.34211	0.28947	0.13158
Target_399	Aptamer mutant A11U22	0.26316	0.34211	0.26316	0.13158
Target_400	Aptamer mutant C24	0.26316	0.31579	0.28947	0.13158
Target_401	Aptamer mutant G31	0.23684	0.36842	0.26316	0.13158
Target_402	Aptamer mutant C31	0.23684	0.34211	0.28947	0.13158
Target_403	Aptamer mutant U31	0.23684	0.34211	0.26316	0.15789
Target_404	Aptamer mutant C8G28	0.26316	0.34211	0.26316	0.13158
Target_407	E. coli transglycosidase mRNA	0.29167	0.25	0.29167	0.16667
Target_410	human tyrosine sulfotransferase mRNA	0.33333	0.12121	0.42424	0.12121
Target_436	Duplex RNA	0.25	0.0	0.41667	0.33333
Target_437	Single_stranded_RNA	0.25	0.0	0.41667	0.33333
Target_438	SL3_duplex_RNA	0.1875	0.3125	0.3125	0.1875
Target_439	SL4 RNA	0.14286	0.5	0.21429	0.14286
Target_440	SL2 RNA	0.15789	0.42105	0.26316	0.15789
Target_441	U15C,U16C SLI_mutant	0.32353	0.20588	0.26471	0.20588
Target_442	G17A,G18A SLI_mutant	0.38235	0.14706	0.20588	0.26471
Target_443	C19U,G20A SLI_mutant	0.35294	0.17647	0.17647	0.29412
Target_444	G21A,A22G SLI_mutant	0.32353	0.20588	0.20588	0.26471
Target_445	TS mRNA Construct_4	0.0303	0.39394	0.48485	0.09091
Target_446	TS mRNA Construct_5	0.03846	0.38462	0.46154	0.11538
