Target_RNA_ID	Target_RNA_name	A	G	C	U
Target_159	Pri-miR-96 RNAC  (UU loop mutant to AU basepair)	0.325	0.35	0.1	0.225
Target_160	Pri-miR-96 RNA1 (Drosha processing site only)	0.3	0.35	0.1	0.25
Target_161	Pri-miR-96 RNA2 (desired GG loop only)	0.275	0.425	0.125	0.175
Target_162	Pri-miR-96 RNA3 (both the Drosha target site and adjacent target site)	0.28261	0.36957	0.1087	0.23913
Target_163	Pri-miR-96 RNA4 (GG to GC loop mutation)	0.28261	0.34783	0.13043	0.23913
Target_164	Pri-miR-96 RNA5 (UU loop mutant to UA loop)	0.30435	0.36957	0.1087	0.21739
Target_165	Pri-miR-96 AT-rich DNA hairpin	0.14286	0.28571	0.28571	0.28571
Target_202	5'UUU/3'AUA, miR-96 Precursor Processing Site	0.20513	0.24359	0.23077	0.32051
Target_203	5'CGAUUU/3'GGUAUA, Expanded miR-96 Precursor Processing Site	0.20513	0.24359	0.23077	0.32051
Target_227	Pre-miR-210	0.16667	0.26667	0.43333	0.13333
Target_265	miR-21 hairpin	0.2069	0.27586	0.24138	0.27586
Target_266	Pre-miR-372	0.23881	0.29851	0.20896	0.25373
Target_267	Pre-miR-373	0.14493	0.31884	0.18841	0.34783
Target_268	Pri-miR-515 drosha site (RNA 1)	0.32609	0.30435	0.1087	0.26087
Target_269	Pri-miR-885 drosha site (RNA 2)	0.28261	0.34783	0.13043	0.23913
Target_270	Pri-miR-515 (RNA 3)	0.32609	0.30435	0.1087	0.26087
Target_271	Pri-miR-515 and the adjacent RNA motif (RNA 4)	0.28846	0.30769	0.13462	0.26923
Target_282	Oligonucleotide 3	0.23256	0.25581	0.25581	0.25581
Target_283	Oligonucleotide 4	0.25581	0.25581	0.23256	0.25581
Target_301	miR-21 WT	0.24	0.24	0.2	0.32
Target_302	miR-21 BP	0.25926	0.22222	0.18519	0.33333
Target_303	miR-21 A bulge	0.25926	0.22222	0.18519	0.33333
Target_304	miR-21 U bulge	0.23077	0.23077	0.19231	0.34615
Target_305	miR-21 G-A	0.28	0.2	0.2	0.32
Target_312	Pre-miR-377 dicer processing site	0.24194	0.22581	0.17742	0.35484
Target_313	Pre-miR-377 5′-G_G/3′-CAC bulge	0.24194	0.22581	0.17742	0.35484
Target_316	miR-17 Dicer site	0.22581	0.29032	0.19355	0.29032
Target_317	miR-17 G-bulge	0.22581	0.29032	0.19355	0.29032
Target_318	miR-17 U-bulge	0.21875	0.28125	0.21875	0.28125
Target_319	miR-17 Base pairing control	0.24242	0.27273	0.21212	0.27273
Target_320	miR-18a Dicer site	0.33333	0.27273	0.15152	0.24242
Target_321	R-Seq1	0.13514	0.37838	0.13514	0.35135
Target_322	R-Seq2	0.13158	0.36842	0.13158	0.36842
Target_323	R-Seq3	0.14474	0.36842	0.13158	0.35526
Target_324	R-Seq4	0.18333	0.28333	0.16667	0.36667
Target_325	Pre-miR-33a	0.19355	0.24194	0.22581	0.33871
Target_326	Pre-miR-33a-G31A	0.20968	0.22581	0.22581	0.33871
Target_327	Pre-miR-33a-G32A	0.20968	0.22581	0.22581	0.33871
Target_328	Pre-miR-24-2	0.25424	0.27119	0.22034	0.25424
Target_331	Pre-miR-17/18a/20a	0.23729	0.25424	0.20339	0.30508
