Target_RNA_ID	Target_RNA_name	A	G	C	U
Target_20	RNA_Str_HIV-2 TAR	0.13333	0.36667	0.3	0.2
Target_19	HIV-1 TAR RNA	0.13793	0.34483	0.31034	0.2069
Target_66	HCV IRES Domain II	0.17241	0.44828	0.2069	0.17241
Target_80	HIV-1 RRE	0.24242	0.28788	0.24242	0.22727
Target_109	HIV-1FRAMESHIFT STEM LOOP STRUCTURE	0.23077	0.26923	0.19231	0.30769
Target_146	SL-3 of HIV-1_SITE	0.24576	0.42373	0.18644	0.14407
Target_81	RRE1	0.10345	0.41379	0.31034	0.17241
Target_82	RRE2	0.11538	0.26923	0.42308	0.19231
Target_83	RRE3	0.07143	0.39286	0.39286	0.14286
Target_84	RRE4	0.10714	0.42857	0.32143	0.14286
Target_85	RRE5	0.10714	0.39286	0.35714	0.14286
Target_86	RRE6	0.10714	0.39286	0.35714	0.14286
Target_87	RRE7	0.07143	0.42857	0.35714	0.14286
Target_88	RRE8	0.10345	0.37931	0.34483	0.17241
Target_89	RRE9	0.10345	0.37931	0.37931	0.13793
Target_90	RRE10	0.10345	0.37931	0.37931	0.13793
Target_91	RRE11	0.13333	0.36667	0.36667	0.13333
Target_92	RRE12	0.16129	0.35484	0.35484	0.12903
Target_93	RRE13	0.1875	0.34375	0.34375	0.125
Target_94	RRE14	0.06667	0.43333	0.36667	0.13333
Target_95	RRE15	0.06667	0.36667	0.36667	0.2
Target_130	Coxsackie virus B3 RNA	0.13158	0.28947	0.31579	0.26316
Target_131	Polio virus loop B construct	0.11765	0.29412	0.41176	0.17647
Target_188	HIV-1 FSS	0.22727	0.31818	0.36364	0.09091
Target_67	HCV IRES IIa 40-mer	0.20253	0.27848	0.27848	0.24051
Target_68	HCV IRES RNA	0.25926	0.33333	0.25926	0.14815
Target_217	Influenza RNA promoter	0.21875	0.28125	0.21875	0.28125
Target_218	SARS-Pseudoknot Construct	0.21212	0.31818	0.27273	0.19697
Target_219	HCV IRES-A	0.27778	0.72222	0.0	0.0
Target_220	HCV IRES-A 1 Mutant	0.27778	0.5	0.0	0.22222
Target_222	HCV IRES-A DNA	0.16667	0.22222	0.27778	0.33333
Target_257	IRES RNA G-quadruplex	0.27778	0.72222	0.0	0.0
Target_329	EV71 SLII RNA	0.26829	0.2439	0.26829	0.21951
Target_373	CVB loop D RNA	0.13158	0.28947	0.31579	0.26316
Target_374	Polio virus loop B RNA	0.15789	0.26316	0.42105	0.15789
Target_408	HCV IRES Domain Iib	0.20833	0.29167	0.22917	0.27083
Target_409	HIV protease active site (PAS) mRNA	0.31707	0.26829	0.26829	0.14634
Target_431	FSS_mutant_1	0.22727	0.31818	0.31818	0.13636
Target_432	FSS_mutant_2	0.22727	0.31818	0.36364	0.09091
Target_433	FSS_mutant_3	0.18182	0.36364	0.36364	0.09091
Target_434	FSS_mutant_4	0.13636	0.31818	0.45455	0.09091
Target_435	FSS_mutant_5	0.0	0.36111	0.36111	0.27778
Target_447	RRE16	0.10345	0.41379	0.31034	0.17241
Target_448	RRE17	0.10345	0.37931	0.31034	0.2069
Target_449	RRE18	0.10345	0.37931	0.34483	0.17241
Target_450	RRE19	0.16667	0.33333	0.3	0.2
Target_451	RRE20	0.13333	0.36667	0.33333	0.16667
Target_452	RRE21	0.16667	0.4	0.23333	0.2
Target_453	RRE22	0.13333	0.36667	0.3	0.2
